0 0.0 0.003194888178913738 0.004792332268370607
100 0.12140575079872204 0.17252396166134185 0.26038338658146964
200 0.22044728434504793 0.28594249201277955 0.38498402555910544
300 0.22044728434504793 0.3242811501597444 0.46166134185303515
400 0.34185303514376997 0.4281150159744409 0.5623003194888179
500 0.365814696485623 0.4792332268370607 0.5990415335463258
600 0.3865814696485623 0.4936102236421725 0.6198083067092651
700 0.35782747603833864 0.4584664536741214 0.5830670926517572
800 0.4057507987220447 0.5095846645367412 0.6421725239616614
900 0.43450479233226835 0.5447284345047924 0.6597444089456869
1000 0.4249201277955272 0.5351437699680511 0.6629392971246006
1100 0.4281150159744409 0.536741214057508 0.6405750798722045
1200 0.4696485623003195 0.5894568690095847 0.6980830670926518
1300 0.4536741214057508 0.549520766773163 0.6693290734824281
1400 0.4712460063897764 0.5814696485623003 0.6980830670926518
1500 0.48562300319488816 0.597444089456869 0.7140575079872205
1600 0.49201277955271566 0.6118210862619808 0.7028753993610224
1700 0.5 0.6038338658146964 0.7012779552715654
1800 0.5 0.6070287539936102 0.7012779552715654
1900 0.44089456869009586 0.5399361022364217 0.6661341853035144
2000 0.5159744408945687 0.6006389776357828 0.7204472843450479
2100 0.4728434504792332 0.6038338658146964 0.6964856230031949
2200 0.4792332268370607 0.5782747603833865 0.6932907348242812
2300 0.4968051118210863 0.6086261980830671 0.7220447284345048
2400 0.5079872204472844 0.6261980830670927 0.7284345047923323
2500 0.5846645367412141 0.6613418530351438 0.7204472843450479
2600 0.5239616613418531 0.6166134185303515 0.7060702875399361
2700 0.5638977635782748 0.6549520766773163 0.7268370607028753
2800 0.549520766773163 0.646964856230032 0.7268370607028753
2900 0.6166134185303515 0.6980830670926518 0.7476038338658147
3000 0.560702875399361 0.6549520766773163 0.7236421725239617
3100 0.5846645367412141 0.6517571884984026 0.7220447284345048
3200 0.5734824281150159 0.6437699680511182 0.7156549520766773
3300 0.5303514376996805 0.6437699680511182 0.7140575079872205
3400 0.5351437699680511 0.6246006389776357 0.7220447284345048
3500 0.5415335463258786 0.6389776357827476 0.7188498402555911
3600 0.5095846645367412 0.6070287539936102 0.6884984025559105
3700 0.6006389776357828 0.6725239616613419 0.7412140575079872
3800 0.597444089456869 0.6741214057507987 0.744408945686901
3900 0.5894568690095847 0.670926517571885 0.7428115015974441
4000 0.5511182108626198 0.6437699680511182 0.7188498402555911
4100 0.5894568690095847 0.6741214057507987 0.7348242811501597
4200 0.5830670926517572 0.6597444089456869 0.7268370607028753
4300 0.5958466453674122 0.6916932907348243 0.731629392971246
4400 0.610223642172524 0.6964856230031949 0.7507987220447284
4500 0.5894568690095847 0.6725239616613419 0.7380191693290735
4600 0.5782747603833865 0.65814696485623 0.7571884984025559
4700 0.6086261980830671 0.6869009584664537 0.7380191693290735
4800 0.6038338658146964 0.6661341853035144 0.7236421725239617
4900 0.5718849840255591 0.6517571884984026 0.7268370607028753
5000 0.6405750798722045 0.7044728434504792 0.7587859424920128
5100 0.6230031948881789 0.6757188498402555 0.7220447284345048
5200 0.6549520766773163 0.7012779552715654 0.7332268370607029
5300 0.6070287539936102 0.6677316293929713 0.7252396166134185
5400 0.5638977635782748 0.645367412140575 0.7060702875399361
5500 0.6261980830670927 0.6996805111821086 0.7651757188498403
5600 0.6325878594249201 0.6884984025559105 0.7492012779552716
5700 0.5910543130990416 0.645367412140575 0.7124600638977636
5800 0.5862619808306709 0.670926517571885 0.7268370607028753
5900 0.6054313099041534 0.6853035143769968 0.731629392971246
6000 0.6501597444089456 0.6964856230031949 0.7396166134185304
6100 0.6389776357827476 0.694888178913738 0.7396166134185304
6200 0.6086261980830671 0.6884984025559105 0.7476038338658147
6300 0.6373801916932907 0.7012779552715654 0.7428115015974441
6400 0.6230031948881789 0.6996805111821086 0.7507987220447284
6500 0.646964856230032 0.7028753993610224 0.7476038338658147
6600 0.6389776357827476 0.694888178913738 0.7412140575079872
6700 0.6629392971246006 0.6980830670926518 0.7380191693290735
6800 0.6405750798722045 0.6932907348242812 0.7332268370607029
6900 0.6437699680511182 0.6869009584664537 0.7476038338658147
