0 0.001597444089456869 0.004792332268370607 0.004792332268370607
100 0.1869009584664537 0.24600638977635783 0.33865814696485624
200 0.2507987220447284 0.3466453674121406 0.4472843450479233
300 0.2763578274760383 0.3562300319488818 0.48083067092651754
400 0.365814696485623 0.46006389776357826 0.5798722044728435
500 0.3450479233226837 0.44568690095846647 0.6006389776357828
600 0.3801916932907348 0.4776357827476038 0.5990415335463258
700 0.4281150159744409 0.5287539936102237 0.6437699680511182
800 0.40415335463258784 0.49201277955271566 0.6166134185303515
900 0.4584664536741214 0.5543130990415336 0.6565495207667732
1000 0.4520766773162939 0.5335463258785943 0.6549520766773163
1100 0.3498402555910543 0.4185303514376997 0.5798722044728435
1200 0.4904153354632588 0.5958466453674122 0.6916932907348243
1300 0.43450479233226835 0.5399361022364217 0.6565495207667732
1400 0.4169329073482428 0.5095846645367412 0.6485623003194888
1500 0.46485623003194887 0.5638977635782748 0.670926517571885
1600 0.4712460063897764 0.5830670926517572 0.6980830670926518
1700 0.5415335463258786 0.6389776357827476 0.7268370607028753
1800 0.40415335463258784 0.5079872204472844 0.6437699680511182
1900 0.5207667731629393 0.6214057507987221 0.7124600638977636
2000 0.5015974440894568 0.6006389776357828 0.7012779552715654
2100 0.547923322683706 0.6485623003194888 0.7172523961661342
2200 0.5351437699680511 0.6166134185303515 0.7060702875399361
2300 0.5095846645367412 0.6070287539936102 0.6964856230031949
2400 0.48881789137380194 0.6182108626198083 0.6980830670926518
2500 0.5255591054313099 0.6198083067092651 0.7108626198083067
2600 0.5958466453674122 0.6677316293929713 0.7428115015974441
2700 0.48242811501597443 0.5878594249201278 0.6725239616613419
2800 0.5159744408945687 0.6230031948881789 0.7204472843450479
2900 0.5718849840255591 0.6533546325878594 0.731629392971246
3000 0.5399361022364217 0.6198083067092651 0.7108626198083067
3100 0.5654952076677316 0.6597444089456869 0.7300319488817891
3200 0.5702875399361023 0.6549520766773163 0.7284345047923323
3300 0.5159744408945687 0.6246006389776357 0.707667731629393
3400 0.5926517571884984 0.6725239616613419 0.7380191693290735
3500 0.6086261980830671 0.6789137380191693 0.7492012779552716
3600 0.5591054313099042 0.6357827476038339 0.7188498402555911
3700 0.5287539936102237 0.6118210862619808 0.6980830670926518
3800 0.5798722044728435 0.6661341853035144 0.7188498402555911
3900 0.5846645367412141 0.6741214057507987 0.7396166134185304
4000 0.5926517571884984 0.6677316293929713 0.7108626198083067
4100 0.5862619808306709 0.670926517571885 0.7412140575079872
4200 0.6198083067092651 0.6805111821086262 0.7364217252396166
4300 0.610223642172524 0.6805111821086262 0.7380191693290735
4400 0.5415335463258786 0.645367412140575 0.7252396166134185
4500 0.597444089456869 0.6821086261980831 0.7507987220447284
4600 0.5638977635782748 0.6501597444089456 0.7220447284345048
4700 0.6182108626198083 0.6821086261980831 0.755591054313099
4800 0.6230031948881789 0.6741214057507987 0.7348242811501597
4900 0.6054313099041534 0.6853035143769968 0.7539936102236422
5000 0.6325878594249201 0.6932907348242812 0.7476038338658147
5100 0.5798722044728435 0.6533546325878594 0.7220447284345048
5200 0.6325878594249201 0.6821086261980831 0.7284345047923323
5300 0.5910543130990416 0.6645367412140575 0.7188498402555911
5400 0.610223642172524 0.6916932907348243 0.7476038338658147
5500 0.5686900958466453 0.6629392971246006 0.7364217252396166
5600 0.5734824281150159 0.6597444089456869 0.7348242811501597
5700 0.6277955271565495 0.6693290734824281 0.7188498402555911
5800 0.6214057507987221 0.6805111821086262 0.7332268370607029
5900 0.6549520766773163 0.707667731629393 0.7539936102236422
6000 0.5814696485623003 0.6693290734824281 0.7236421725239617
6100 0.5830670926517572 0.6741214057507987 0.7380191693290735
6200 0.597444089456869 0.6645367412140575 0.7188498402555911
6300 0.6485623003194888 0.7108626198083067 0.7523961661341853
6400 0.6246006389776357 0.6980830670926518 0.744408945686901
6500 0.6725239616613419 0.7156549520766773 0.7492012779552716
6600 0.5830670926517572 0.6677316293929713 0.7332268370607029
6700 0.6421725239616614 0.694888178913738 0.7492012779552716
6800 0.6677316293929713 0.7156549520766773 0.744408945686901
6900 0.6437699680511182 0.6916932907348243 0.7364217252396166
7000 0.6309904153354633 0.6869009584664537 0.7492012779552716
7100 0.670926517571885 0.7140575079872205 0.7492012779552716
7200 0.6645367412140575 0.7028753993610224 0.7364217252396166
7300 0.6230031948881789 0.6837060702875399 0.7428115015974441
7400 0.6357827476038339 0.6916932907348243 0.7364217252396166
7500 0.6501597444089456 0.6964856230031949 0.7412140575079872
7600 0.634185303514377 0.6916932907348243 0.7348242811501597
7700 0.6565495207667732 0.7028753993610224 0.7412140575079872
7800 0.6789137380191693 0.7060702875399361 0.7428115015974441
7900 0.6389776357827476 0.6884984025559105 0.731629392971246
8000 0.6613418530351438 0.7140575079872205 0.7539936102236422