0 0.001597444089456869 0.001597444089456869 0.004792332268370607
100 0.13738019169329074 0.21565495207667731 0.30670926517571884
200 0.26198083067092653 0.34345047923322686 0.4744408945686901
300 0.3242811501597444 0.4233226837060703 0.547923322683706
400 0.35782747603833864 0.46325878594249204 0.5942492012779552
500 0.3450479233226837 0.4281150159744409 0.5527156549520766
600 0.41533546325878595 0.5143769968051118 0.6421725239616614
700 0.36900958466453676 0.4712460063897764 0.6166134185303515
800 0.4185303514376997 0.5287539936102237 0.6485623003194888
900 0.3929712460063898 0.4904153354632588 0.6389776357827476
1000 0.48083067092651754 0.5814696485623003 0.6789137380191693
1100 0.44568690095846647 0.547923322683706 0.6549520766773163
1200 0.46166134185303515 0.5734824281150159 0.646964856230032
1300 0.4472843450479233 0.5511182108626198 0.6693290734824281
1400 0.426517571884984 0.5335463258785943 0.6389776357827476
1500 0.4696485623003195 0.5782747603833865 0.7028753993610224
1600 0.4728434504792332 0.5878594249201278 0.6821086261980831
1700 0.43929712460063897 0.5670926517571885 0.6884984025559105
1800 0.4904153354632588 0.5718849840255591 0.6837060702875399
1900 0.5335463258785943 0.6230031948881789 0.7172523961661342
2000 0.4440894568690096 0.536741214057508 0.6661341853035144
2100 0.4744408945686901 0.5830670926517572 0.6805111821086262
2200 0.4904153354632588 0.5798722044728435 0.6821086261980831
2300 0.5239616613418531 0.6389776357827476 0.7108626198083067
2400 0.5447284345047924 0.6246006389776357 0.7140575079872205
2500 0.5798722044728435 0.6517571884984026 0.7188498402555911
2600 0.5399361022364217 0.610223642172524 0.6837060702875399
2700 0.5830670926517572 0.6517571884984026 0.7140575079872205
2800 0.5191693290734825 0.6214057507987221 0.6980830670926518
2900 0.5862619808306709 0.65814696485623 0.7236421725239617
3000 0.5463258785942492 0.6613418530351438 0.7268370607028753
3100 0.5830670926517572 0.6661341853035144 0.7220447284345048
3200 0.5463258785942492 0.6405750798722045 0.7364217252396166
3300 0.6325878594249201 0.6916932907348243 0.7348242811501597
3400 0.6293929712460063 0.6964856230031949 0.7476038338658147
3500 0.5223642172523961 0.6230031948881789 0.6980830670926518
3600 0.6022364217252396 0.6932907348242812 0.7476038338658147
3700 0.5638977635782748 0.6501597444089456 0.731629392971246
3800 0.5670926517571885 0.645367412140575 0.7284345047923323
3900 0.6246006389776357 0.6869009584664537 0.7396166134185304
4000 0.6150159744408946 0.6932907348242812 0.7539936102236422
4100 0.6373801916932907 0.707667731629393 0.7412140575079872
4200 0.5 0.6022364217252396 0.6980830670926518
4300 0.6230031948881789 0.6900958466453674 0.7460063897763578
4400 0.560702875399361 0.6533546325878594 0.7364217252396166
4500 0.5990415335463258 0.6597444089456869 0.7284345047923323
4600 0.5798722044728435 0.65814696485623 0.7060702875399361
4700 0.46645367412140576 0.5527156549520766 0.6725239616613419
4800 0.5447284345047924 0.6485623003194888 0.7220447284345048
4900 0.6150159744408946 0.6916932907348243 0.7460063897763578
5000 0.6501597444089456 0.7060702875399361 0.744408945686901
5100 0.6118210862619808 0.6661341853035144 0.7108626198083067
5200 0.6485623003194888 0.7092651757188498 0.7476038338658147
5300 0.6182108626198083 0.6821086261980831 0.7300319488817891
5400 0.5559105431309904 0.6501597444089456 0.7252396166134185
5500 0.6277955271565495 0.694888178913738 0.7460063897763578
5600 0.634185303514377 0.6884984025559105 0.7332268370607029
5700 0.597444089456869 0.6741214057507987 0.731629392971246
5800 0.6277955271565495 0.6773162939297125 0.7252396166134185
5900 0.6150159744408946 0.6884984025559105 0.7460063897763578
6000 0.6006389776357828 0.6629392971246006 0.7172523961661342
6100 0.5942492012779552 0.6805111821086262 0.7284345047923323
6200 0.6277955271565495 0.6932907348242812 0.744408945686901
6300 0.6261980830670927 0.6980830670926518 0.7428115015974441
6400 0.6230031948881789 0.6773162939297125 0.7380191693290735
6500 0.6070287539936102 0.6773162939297125 0.7412140575079872
6600 0.5846645367412141 0.6837060702875399 0.7476038338658147
6700 0.6389776357827476 0.6821086261980831 0.744408945686901
6800 0.5814696485623003 0.6565495207667732 0.7172523961661342
6900 0.6325878594249201 0.6916932907348243 0.731629392971246
7000 0.5830670926517572 0.6613418530351438 0.7236421725239617
7100 0.6501597444089456 0.6821086261980831 0.7268370607028753
7200 0.634185303514377 0.7060702875399361 0.7571884984025559
7300 0.610223642172524 0.694888178913738 0.7412140575079872
7400 0.6405750798722045 0.7060702875399361 0.7476038338658147
7500 0.5878594249201278 0.6757188498402555 0.7140575079872205
7600 0.645367412140575 0.7028753993610224 0.7396166134185304
7700 0.6517571884984026 0.707667731629393 0.7300319488817891
7800 0.6134185303514377 0.6900958466453674 0.7380191693290735
7900 0.6038338658146964 0.6597444089456869 0.7204472843450479
8000 0.6182108626198083 0.6661341853035144 0.7220447284345048
