0 0.001597444089456869 0.001597444089456869 0.006389776357827476
100 0.1501597444089457 0.19808306709265175 0.2939297124600639
200 0.2747603833865815 0.3514376996805112 0.4584664536741214
300 0.3146964856230032 0.4185303514376997 0.5431309904153354
400 0.3706070287539936 0.4696485623003195 0.6006389776357828
500 0.3194888178913738 0.4217252396166134 0.5654952076677316
600 0.38338658146964855 0.48562300319488816 0.6246006389776357
700 0.3993610223642173 0.512779552715655 0.6389776357827476
800 0.4169329073482428 0.5111821086261981 0.6421725239616614
900 0.4472843450479233 0.5543130990415336 0.6613418530351438
1000 0.426517571884984 0.5287539936102237 0.6517571884984026
1100 0.46006389776357826 0.5670926517571885 0.6996805111821086
1200 0.4233226837060703 0.5319488817891374 0.6501597444089456
1300 0.4329073482428115 0.5431309904153354 0.6645367412140575
1400 0.48722044728434505 0.5798722044728435 0.6549520766773163
1500 0.40415335463258784 0.5255591054313099 0.6437699680511182
1600 0.4776357827476038 0.5958466453674122 0.6741214057507987
1700 0.5175718849840255 0.6230031948881789 0.7300319488817891
1800 0.4680511182108626 0.5511182108626198 0.65814696485623
1900 0.4680511182108626 0.5702875399361023 0.670926517571885
2000 0.5447284345047924 0.6198083067092651 0.7012779552715654
2100 0.5111821086261981 0.6293929712460063 0.7012779552715654
2200 0.5319488817891374 0.6325878594249201 0.7108626198083067
2300 0.5319488817891374 0.6230031948881789 0.7140575079872205
2400 0.5415335463258786 0.6214057507987221 0.7124600638977636
2500 0.4424920127795527 0.536741214057508 0.6549520766773163
2600 0.5031948881789138 0.6214057507987221 0.7188498402555911
2700 0.5623003194888179 0.6389776357827476 0.7204472843450479
2800 0.5990415335463258 0.6629392971246006 0.7252396166134185
2900 0.5031948881789138 0.5942492012779552 0.6964856230031949
3000 0.5862619808306709 0.6629392971246006 0.7300319488817891
3100 0.5351437699680511 0.6325878594249201 0.7172523961661342
3200 0.5255591054313099 0.6230031948881789 0.7044728434504792
3300 0.5718849840255591 0.6565495207667732 0.7188498402555911
3400 0.5910543130990416 0.670926517571885 0.7236421725239617
3500 0.5734824281150159 0.6645367412140575 0.7204472843450479
3600 0.5862619808306709 0.6501597444089456 0.7364217252396166
3700 0.5527156549520766 0.6309904153354633 0.7252396166134185
3800 0.5830670926517572 0.6773162939297125 0.7412140575079872
3900 0.6277955271565495 0.6964856230031949 0.7332268370607029
4000 0.5942492012779552 0.6693290734824281 0.7396166134185304
4100 0.5463258785942492 0.634185303514377 0.7188498402555911
4200 0.5766773162939297 0.6485623003194888 0.7252396166134185
4300 0.5654952076677316 0.6549520766773163 0.7332268370607029
4400 0.5654952076677316 0.6549520766773163 0.7188498402555911
4500 0.5798722044728435 0.6437699680511182 0.7156549520766773
4600 0.5942492012779552 0.6597444089456869 0.7236421725239617
4700 0.6325878594249201 0.6964856230031949 0.7507987220447284
4800 0.6150159744408946 0.6805111821086262 0.7236421725239617
4900 0.6086261980830671 0.6805111821086262 0.7364217252396166
5000 0.5335463258785943 0.6230031948881789 0.7044728434504792
5100 0.5894568690095847 0.6597444089456869 0.7268370607028753
5200 0.5862619808306709 0.6533546325878594 0.7252396166134185
5300 0.5910543130990416 0.6741214057507987 0.7412140575079872
5400 0.6198083067092651 0.6821086261980831 0.7268370607028753
5500 0.5878594249201278 0.6821086261980831 0.7396166134185304
5600 0.5766773162939297 0.6645367412140575 0.7268370607028753
5700 0.6006389776357828 0.6677316293929713 0.7348242811501597
5800 0.6054313099041534 0.6565495207667732 0.7284345047923323
5900 0.5750798722044729 0.65814696485623 0.7332268370607029
6000 0.6118210862619808 0.6693290734824281 0.7204472843450479
6100 0.5575079872204473 0.6293929712460063 0.7236421725239617
6200 0.6357827476038339 0.6964856230031949 0.7332268370607029
6300 0.5990415335463258 0.6773162939297125 0.7396166134185304
6400 0.6277955271565495 0.670926517571885 0.7252396166134185
6500 0.65814696485623 0.7156549520766773 0.7587859424920128
6600 0.6389776357827476 0.6741214057507987 0.7284345047923323
6700 0.6613418530351438 0.6837060702875399 0.7092651757188498
6800 0.6421725239616614 0.6853035143769968 0.7300319488817891
6900 0.5958466453674122 0.6645367412140575 0.7268370607028753
7000 0.6437699680511182 0.7012779552715654 0.7332268370607029
7100 0.6293929712460063 0.7028753993610224 0.7603833865814696
7200 0.6038338658146964 0.670926517571885 0.7284345047923323
7300 0.6150159744408946 0.6725239616613419 0.7364217252396166
7400 0.6597444089456869 0.7028753993610224 0.7332268370607029
7500 0.6485623003194888 0.6837060702875399 0.7236421725239617
7600 0.6086261980830671 0.6661341853035144 0.7172523961661342
7700 0.5527156549520766 0.6389776357827476 0.7140575079872205
7800 0.6645367412140575 0.7220447284345048 0.7603833865814696
7900 0.65814696485623 0.7028753993610224 0.7348242811501597
8000 0.6693290734824281 0.7060702875399361 0.7428115015974441
