0 0.006389776357827476 0.007987220447284345 0.012779552715654952
100 0.18210862619808307 0.24121405750798722 0.3466453674121406
200 0.2364217252396166 0.3210862619808307 0.4504792332268371
300 0.2779552715654952 0.36261980830670926 0.4904153354632588
400 0.2971246006389776 0.36900958466453676 0.48881789137380194
500 0.3801916932907348 0.4840255591054313 0.610223642172524
600 0.3929712460063898 0.4936102236421725 0.6389776357827476
700 0.3498402555910543 0.4728434504792332 0.6054313099041534
800 0.3993610223642173 0.5095846645367412 0.6182108626198083
900 0.4744408945686901 0.5830670926517572 0.6757188498402555
1000 0.4904153354632588 0.5782747603833865 0.6853035143769968
1100 0.4217252396166134 0.5271565495207667 0.6421725239616614
1200 0.4584664536741214 0.5623003194888179 0.6853035143769968
1300 0.4488817891373802 0.549520766773163 0.6916932907348243
1400 0.43450479233226835 0.5447284345047924 0.670926517571885
1500 0.48881789137380194 0.597444089456869 0.694888178913738
1600 0.5111821086261981 0.610223642172524 0.7012779552715654
1700 0.44568690095846647 0.5447284345047924 0.6597444089456869
1800 0.4488817891373802 0.5782747603833865 0.6773162939297125
1900 0.44089456869009586 0.560702875399361 0.6757188498402555
2000 0.549520766773163 0.6134185303514377 0.6964856230031949
2100 0.4840255591054313 0.5734824281150159 0.6629392971246006
2200 0.5702875399361023 0.6757188498402555 0.7348242811501597
2300 0.5383386581469649 0.6166134185303515 0.7140575079872205
2400 0.5750798722044729 0.645367412140575 0.7268370607028753
2500 0.5766773162939297 0.646964856230032 0.7124600638977636
2600 0.5159744408945687 0.6198083067092651 0.7012779552715654
2700 0.5447284345047924 0.634185303514377 0.7044728434504792
2800 0.5463258785942492 0.634185303514377 0.7092651757188498
2900 0.5383386581469649 0.6214057507987221 0.7156549520766773
3000 0.5591054313099042 0.6437699680511182 0.7236421725239617
3100 0.5271565495207667 0.6214057507987221 0.7300319488817891
3200 0.5271565495207667 0.6261980830670927 0.7108626198083067
3300 0.5431309904153354 0.6357827476038339 0.7236421725239617
3400 0.5766773162939297 0.6565495207667732 0.7028753993610224
3500 0.547923322683706 0.634185303514377 0.7236421725239617
3600 0.5830670926517572 0.6485623003194888 0.7156549520766773
3700 0.597444089456869 0.6613418530351438 0.7364217252396166
3800 0.5431309904153354 0.6293929712460063 0.7060702875399361
3900 0.536741214057508 0.6389776357827476 0.7300319488817891
4000 0.5159744408945687 0.6134185303514377 0.7204472843450479
4100 0.597444089456869 0.6597444089456869 0.7172523961661342
4200 0.6038338658146964 0.6677316293929713 0.7220447284345048
4300 0.6006389776357828 0.6677316293929713 0.7156549520766773
4400 0.597444089456869 0.6629392971246006 0.7220447284345048
4500 0.6070287539936102 0.6837060702875399 0.7507987220447284
4600 0.6198083067092651 0.6996805111821086 0.7428115015974441
4700 0.5830670926517572 0.6597444089456869 0.707667731629393
4800 0.6485623003194888 0.694888178913738 0.7364217252396166
4900 0.6022364217252396 0.6757188498402555 0.7268370607028753
5000 0.6246006389776357 0.6805111821086262 0.7252396166134185
5100 0.5814696485623003 0.6485623003194888 0.7172523961661342
5200 0.634185303514377 0.694888178913738 0.731629392971246
5300 0.5830670926517572 0.6677316293929713 0.7300319488817891
5400 0.6421725239616614 0.7172523961661342 0.7651757188498403
5500 0.6182108626198083 0.6900958466453674 0.7460063897763578
5600 0.6246006389776357 0.6869009584664537 0.7364217252396166
5700 0.6325878594249201 0.6980830670926518 0.7412140575079872
5800 0.6357827476038339 0.6996805111821086 0.7507987220447284
5900 0.6565495207667732 0.7044728434504792 0.744408945686901
6000 0.597444089456869 0.6501597444089456 0.7172523961661342
6100 0.6038338658146964 0.6629392971246006 0.731629392971246
6200 0.6277955271565495 0.6900958466453674 0.7236421725239617
6300 0.5910543130990416 0.65814696485623 0.7268370607028753
6400 0.6261980830670927 0.6980830670926518 0.7571884984025559
6500 0.645367412140575 0.694888178913738 0.731629392971246
6600 0.5734824281150159 0.646964856230032 0.7268370607028753
6700 0.6166134185303515 0.6900958466453674 0.7492012779552716
6800 0.6389776357827476 0.6964856230031949 0.7412140575079872
6900 0.5958466453674122 0.6613418530351438 0.7188498402555911
7000 0.5303514376996805 0.6086261980830671 0.6837060702875399
7100 0.6230031948881789 0.6964856230031949 0.7539936102236422
7200 0.6230031948881789 0.6916932907348243 0.7492012779552716
7300 0.5527156549520766 0.6325878594249201 0.7092651757188498
7400 0.6357827476038339 0.6884984025559105 0.744408945686901
7500 0.6485623003194888 0.707667731629393 0.7539936102236422
7600 0.6389776357827476 0.6964856230031949 0.7380191693290735
7700 0.6549520766773163 0.6932907348242812 0.7332268370607029
7800 0.5319488817891374 0.6150159744408946 0.7012779552715654
7900 0.6613418530351438 0.6964856230031949 0.7300319488817891
8000 0.6022364217252396 0.6789137380191693 0.7300319488817891
8100 0.6677316293929713 0.6980830670926518 0.731629392971246
8200 0.6405750798722045 0.6853035143769968 0.7460063897763578
8300 0.6357827476038339 0.7028753993610224 0.755591054313099
8400 0.634185303514377 0.6853035143769968 0.7476038338658147
8500 0.634185303514377 0.6789137380191693 0.7284345047923323
8600 0.6789137380191693 0.7140575079872205 0.7571884984025559
8700 0.6725239616613419 0.694888178913738 0.7348242811501597
8800 0.6405750798722045 0.6964856230031949 0.7476038338658147
8900 0.6517571884984026 0.7028753993610224 0.7523961661341853
