0 0.004792332268370607 0.006389776357827476 0.007987220447284345
100 0.1645367412140575 0.23482428115015974 0.2987220447284345
200 0.21565495207667731 0.2747603833865815 0.3929712460063898
300 0.3274760383386581 0.40415335463258784 0.536741214057508
400 0.2731629392971246 0.36741214057507987 0.4968051118210863
500 0.3722044728434505 0.45686900958466453 0.6070287539936102
600 0.3274760383386581 0.4233226837060703 0.5638977635782748
700 0.49201277955271566 0.5862619808306709 0.6900958466453674
800 0.402555910543131 0.5239616613418531 0.6485623003194888
900 0.41373801916932906 0.5191693290734825 0.6389776357827476
1000 0.4968051118210863 0.6166134185303515 0.694888178913738
1100 0.42012779552715657 0.5111821086261981 0.6533546325878594
1200 0.46645367412140576 0.5846645367412141 0.6645367412140575
1300 0.3753993610223642 0.48083067092651754 0.6118210862619808
1400 0.44568690095846647 0.536741214057508 0.6629392971246006
1500 0.46325878594249204 0.5638977635782748 0.6645367412140575
1600 0.4696485623003195 0.5527156549520766 0.6837060702875399
1700 0.43769968051118213 0.560702875399361 0.6677316293929713
1800 0.4984025559105431 0.6198083067092651 0.7140575079872205
1900 0.5111821086261981 0.6070287539936102 0.7172523961661342
2000 0.476038338658147 0.5718849840255591 0.6645367412140575
2100 0.5079872204472844 0.6070287539936102 0.6996805111821086
2200 0.5287539936102237 0.6357827476038339 0.7012779552715654
2300 0.5575079872204473 0.6501597444089456 0.7364217252396166
2400 0.5543130990415336 0.6597444089456869 0.6964856230031949
2500 0.4776357827476038 0.597444089456869 0.6916932907348243
2600 0.549520766773163 0.6261980830670927 0.6980830670926518
2700 0.547923322683706 0.6230031948881789 0.7172523961661342
2800 0.5335463258785943 0.610223642172524 0.6900958466453674
2900 0.5463258785942492 0.6325878594249201 0.7092651757188498
3000 0.5559105431309904 0.6741214057507987 0.7284345047923323
3100 0.49201277955271566 0.5990415335463258 0.6853035143769968
3200 0.5686900958466453 0.65814696485623 0.731629392971246
3300 0.597444089456869 0.6773162939297125 0.731629392971246
3400 0.597444089456869 0.6693290734824281 0.7204472843450479
3500 0.536741214057508 0.6246006389776357 0.731629392971246
3600 0.560702875399361 0.6389776357827476 0.7044728434504792
3700 0.5798722044728435 0.6645367412140575 0.731629392971246
3800 0.5702875399361023 0.6757188498402555 0.7428115015974441
3900 0.6070287539936102 0.694888178913738 0.7523961661341853
4000 0.5926517571884984 0.670926517571885 0.731629392971246
4100 0.5335463258785943 0.6198083067092651 0.7204472843450479
4200 0.4440894568690096 0.5399361022364217 0.6613418530351438
4300 0.5814696485623003 0.6501597444089456 0.7332268370607029
4400 0.5958466453674122 0.6741214057507987 0.7220447284345048
4500 0.6022364217252396 0.6661341853035144 0.7268370607028753
4600 0.5830670926517572 0.6613418530351438 0.731629392971246
4700 0.6246006389776357 0.6853035143769968 0.7348242811501597
4800 0.5239616613418531 0.6261980830670927 0.7108626198083067
4900 0.5926517571884984 0.6517571884984026 0.7348242811501597
5000 0.5734824281150159 0.6437699680511182 0.7396166134185304
5100 0.6261980830670927 0.6789137380191693 0.7348242811501597
5200 0.6134185303514377 0.6853035143769968 0.7300319488817891
5300 0.6166134185303515 0.6773162939297125 0.7348242811501597
5400 0.5958466453674122 0.6725239616613419 0.7268370607028753
5500 0.5175718849840255 0.6198083067092651 0.7268370607028753
5600 0.5958466453674122 0.6565495207667732 0.7220447284345048
5700 0.6357827476038339 0.6964856230031949 0.7332268370607029
5800 0.5351437699680511 0.6309904153354633 0.7140575079872205
5900 0.6277955271565495 0.6900958466453674 0.7380191693290735
6000 0.634185303514377 0.6980830670926518 0.7635782747603834
6100 0.6501597444089456 0.6996805111821086 0.7492012779552716
6200 0.6293929712460063 0.6773162939297125 0.7380191693290735
6300 0.5830670926517572 0.6677316293929713 0.731629392971246
6400 0.6421725239616614 0.6980830670926518 0.7332268370607029
6500 0.5638977635782748 0.646964856230032 0.7124600638977636
6600 0.6022364217252396 0.6773162939297125 0.7476038338658147
6700 0.6405750798722045 0.6996805111821086 0.7523961661341853
6800 0.6437699680511182 0.7044728434504792 0.7428115015974441
6900 0.6389776357827476 0.6980830670926518 0.7523961661341853
7000 0.6405750798722045 0.7012779552715654 0.7364217252396166
7100 0.6309904153354633 0.694888178913738 0.7460063897763578
7200 0.5878594249201278 0.65814696485623 0.7539936102236422
7300 0.634185303514377 0.6884984025559105 0.7348242811501597
7400 0.646964856230032 0.6916932907348243 0.7396166134185304
7500 0.6373801916932907 0.6900958466453674 0.7492012779552716
7600 0.6613418530351438 0.6996805111821086 0.731629392971246
7700 0.6246006389776357 0.6805111821086262 0.7252396166134185
7800 0.6214057507987221 0.6884984025559105 0.7396166134185304
7900 0.6309904153354633 0.6853035143769968 0.7252396166134185
8000 0.645367412140575 0.7124600638977636 0.7603833865814696
