0 0.0 0.0 0.003194888178913738
100 0.16134185303514376 0.2108626198083067 0.3258785942492013
200 0.21565495207667731 0.2795527156549521 0.42971246006389774
300 0.33386581469648563 0.41373801916932906 0.5511182108626198
400 0.29073482428115016 0.38498402555910544 0.5239616613418531
500 0.31629392971246006 0.3993610223642173 0.5447284345047924
600 0.31150159744408945 0.40894568690095845 0.5159744408945687
700 0.4185303514376997 0.5271565495207667 0.6485623003194888
800 0.4217252396166134 0.5079872204472844 0.645367412140575
900 0.3769968051118211 0.4776357827476038 0.597444089456869
1000 0.3610223642172524 0.4712460063897764 0.6054313099041534
1100 0.43130990415335463 0.5319488817891374 0.6821086261980831
1200 0.4696485623003195 0.5511182108626198 0.670926517571885
1300 0.48562300319488816 0.5591054313099042 0.6405750798722045
1400 0.4744408945686901 0.5702875399361023 0.6741214057507987
1500 0.5207667731629393 0.6054313099041534 0.6932907348242812
1600 0.43450479233226835 0.5383386581469649 0.65814696485623
1700 0.4744408945686901 0.6006389776357828 0.7044728434504792
1800 0.4904153354632588 0.5846645367412141 0.6789137380191693
1900 0.5319488817891374 0.6309904153354633 0.731629392971246
2000 0.5415335463258786 0.6325878594249201 0.7012779552715654
2100 0.5047923322683706 0.6006389776357828 0.7012779552715654
2200 0.4792332268370607 0.5734824281150159 0.6773162939297125
2300 0.5383386581469649 0.6405750798722045 0.7108626198083067
2400 0.4984025559105431 0.6054313099041534 0.6853035143769968
2500 0.5255591054313099 0.6246006389776357 0.7060702875399361
2600 0.547923322683706 0.6246006389776357 0.694888178913738
2700 0.5926517571884984 0.6741214057507987 0.7156549520766773
2800 0.5654952076677316 0.6405750798722045 0.7252396166134185
2900 0.5814696485623003 0.6549520766773163 0.7348242811501597
3000 0.5798722044728435 0.6533546325878594 0.731629392971246
3100 0.5654952076677316 0.6741214057507987 0.7364217252396166
3200 0.5447284345047924 0.6198083067092651 0.7108626198083067
3300 0.5511182108626198 0.6373801916932907 0.7172523961661342
3400 0.5846645367412141 0.65814696485623 0.7268370607028753
3500 0.5623003194888179 0.645367412140575 0.7412140575079872
3600 0.597444089456869 0.6741214057507987 0.7204472843450479
3700 0.549520766773163 0.6501597444089456 0.7188498402555911
3800 0.5559105431309904 0.6613418530351438 0.7300319488817891
3900 0.5015974440894568 0.5798722044728435 0.6677316293929713
4000 0.5638977635782748 0.6261980830670927 0.6980830670926518
4100 0.5527156549520766 0.6629392971246006 0.7332268370607029
4200 0.5782747603833865 0.6533546325878594 0.7156549520766773
4300 0.5846645367412141 0.6613418530351438 0.7348242811501597
4400 0.5894568690095847 0.6677316293929713 0.7268370607028753
4500 0.634185303514377 0.6996805111821086 0.7507987220447284
4600 0.5910543130990416 0.6549520766773163 0.7204472843450479
4700 0.6118210862619808 0.6789137380191693 0.7300319488817891
4800 0.5750798722044729 0.6549520766773163 0.7284345047923323
4900 0.5894568690095847 0.6757188498402555 0.7348242811501597
5000 0.6357827476038339 0.707667731629393 0.7507987220447284
5100 0.5143769968051118 0.6070287539936102 0.7172523961661342
5200 0.6293929712460063 0.6853035143769968 0.7364217252396166
5300 0.5686900958466453 0.634185303514377 0.7140575079872205
5400 0.6230031948881789 0.694888178913738 0.7523961661341853
5500 0.5686900958466453 0.6565495207667732 0.7284345047923323
5600 0.6325878594249201 0.6980830670926518 0.7476038338658147
5700 0.5798722044728435 0.645367412140575 0.6980830670926518
5800 0.645367412140575 0.6964856230031949 0.7380191693290735
5900 0.6166134185303515 0.6853035143769968 0.731629392971246
6000 0.6022364217252396 0.6661341853035144 0.7140575079872205
6100 0.6182108626198083 0.6629392971246006 0.7284345047923323
6200 0.6038338658146964 0.6821086261980831 0.7380191693290735
6300 0.5926517571884984 0.670926517571885 0.7284345047923323
6400 0.6405750798722045 0.6996805111821086 0.7460063897763578
6500 0.6293929712460063 0.6773162939297125 0.7268370607028753
6600 0.6549520766773163 0.6996805111821086 0.731629392971246
6700 0.6437699680511182 0.7060702875399361 0.7603833865814696
6800 0.6597444089456869 0.7012779552715654 0.7412140575079872
6900 0.6166134185303515 0.6725239616613419 0.731629392971246
7000 0.6661341853035144 0.7092651757188498 0.755591054313099
7100 0.6022364217252396 0.6884984025559105 0.7476038338658147
7200 0.5623003194888179 0.6501597444089456 0.7060702875399361
7300 0.6389776357827476 0.6805111821086262 0.7172523961661342
7400 0.6613418530351438 0.7092651757188498 0.755591054313099
7500 0.6006389776357828 0.6661341853035144 0.7268370607028753
7600 0.6214057507987221 0.6964856230031949 0.755591054313099
7700 0.6629392971246006 0.707667731629393 0.7507987220447284
7800 0.634185303514377 0.6916932907348243 0.7348242811501597
7900 0.6517571884984026 0.7028753993610224 0.7476038338658147
8000 0.6070287539936102 0.6757188498402555 0.7332268370607029
